0.000000000000000000e+00
0.000000000000000000e+00
0.000000000000000000e+00
0.000000000000000000e+00
0.000000000000000000e+00
0.000000000000000000e+00
0.000000000000000000e+00
0.000000000000000000e+00
0.000000000000000000e+00
0.000000000000000000e+00
0.000000000000000000e+00
0.000000000000000000e+00
0.000000000000000000e+00
0.000000000000000000e+00
0.000000000000000000e+00
0.000000000000000000e+00
0.000000000000000000e+00
0.000000000000000000e+00
0.000000000000000000e+00
0.000000000000000000e+00
0.000000000000000000e+00
0.000000000000000000e+00
0.000000000000000000e+00
0.000000000000000000e+00
0.000000000000000000e+00
0.000000000000000000e+00
0.000000000000000000e+00
0.000000000000000000e+00
0.000000000000000000e+00
0.000000000000000000e+00
0.000000000000000000e+00
0.000000000000000000e+00
0.000000000000000000e+00
0.000000000000000000e+00
0.000000000000000000e+00
0.000000000000000000e+00
0.000000000000000000e+00
0.000000000000000000e+00
7.236273249519241446e+00
7.236273249519241446e+00
9.336570268982512744e+00
9.336570268982512744e+00
9.336570268982512744e+00
9.336570268982512744e+00
9.336570268982512744e+00
9.336570268982512744e+00
0.000000000000000000e+00
0.000000000000000000e+00
0.000000000000000000e+00
0.000000000000000000e+00
0.000000000000000000e+00
0.000000000000000000e+00
0.000000000000000000e+00
0.000000000000000000e+00
0.000000000000000000e+00
0.000000000000000000e+00
0.000000000000000000e+00
0.000000000000000000e+00
0.000000000000000000e+00
0.000000000000000000e+00
0.000000000000000000e+00
0.000000000000000000e+00
0.000000000000000000e+00
0.000000000000000000e+00
0.000000000000000000e+00
0.000000000000000000e+00
0.000000000000000000e+00
0.000000000000000000e+00
0.000000000000000000e+00
0.000000000000000000e+00
0.000000000000000000e+00
0.000000000000000000e+00
0.000000000000000000e+00
0.000000000000000000e+00
0.000000000000000000e+00
0.000000000000000000e+00
0.000000000000000000e+00
0.000000000000000000e+00
0.000000000000000000e+00
0.000000000000000000e+00
0.000000000000000000e+00
0.000000000000000000e+00
0.000000000000000000e+00
0.000000000000000000e+00
0.000000000000000000e+00
0.000000000000000000e+00
0.000000000000000000e+00
0.000000000000000000e+00
0.000000000000000000e+00
0.000000000000000000e+00
0.000000000000000000e+00
0.000000000000000000e+00
7.236273249519241446e+00
7.236273249519241446e+00
7.236273249519241446e+00
9.336570268982512744e+00
9.336570268982512744e+00
9.336570268982512744e+00
9.336570268982512744e+00
9.336570268982512744e+00
0.000000000000000000e+00
0.000000000000000000e+00
0.000000000000000000e+00
0.000000000000000000e+00
0.000000000000000000e+00
0.000000000000000000e+00
0.000000000000000000e+00
0.000000000000000000e+00
0.000000000000000000e+00
0.000000000000000000e+00
0.000000000000000000e+00
0.000000000000000000e+00
0.000000000000000000e+00
0.000000000000000000e+00
0.000000000000000000e+00
0.000000000000000000e+00
0.000000000000000000e+00
0.000000000000000000e+00
0.000000000000000000e+00
0.000000000000000000e+00
0.000000000000000000e+00
0.000000000000000000e+00
0.000000000000000000e+00
0.000000000000000000e+00
0.000000000000000000e+00
0.000000000000000000e+00
0.000000000000000000e+00
0.000000000000000000e+00
0.000000000000000000e+00
0.000000000000000000e+00
0.000000000000000000e+00
0.000000000000000000e+00
0.000000000000000000e+00
0.000000000000000000e+00
0.000000000000000000e+00
0.000000000000000000e+00
0.000000000000000000e+00
0.000000000000000000e+00
8.778284871040583637e-01
8.778284871040583637e-01
8.778284871040583637e-01
8.778284871040583637e-01
8.778284871040583637e-01
8.778284871040583637e-01
7.236273249519241446e+00
7.236273249519241446e+00
7.236273249519241446e+00
7.236273249519241446e+00
7.236273249519241446e+00
2.153007627898670862e+01
9.336570268982512744e+00
9.336570268982512744e+00
9.336570268982512744e+00
9.336570268982512744e+00
0.000000000000000000e+00
0.000000000000000000e+00
0.000000000000000000e+00
0.000000000000000000e+00
0.000000000000000000e+00
0.000000000000000000e+00
0.000000000000000000e+00
0.000000000000000000e+00
0.000000000000000000e+00
0.000000000000000000e+00
0.000000000000000000e+00
0.000000000000000000e+00
0.000000000000000000e+00
0.000000000000000000e+00
0.000000000000000000e+00
0.000000000000000000e+00
0.000000000000000000e+00
0.000000000000000000e+00
0.000000000000000000e+00
0.000000000000000000e+00
0.000000000000000000e+00
0.000000000000000000e+00
0.000000000000000000e+00
0.000000000000000000e+00
0.000000000000000000e+00
0.000000000000000000e+00
0.000000000000000000e+00
0.000000000000000000e+00
0.000000000000000000e+00
0.000000000000000000e+00
0.000000000000000000e+00
0.000000000000000000e+00
0.000000000000000000e+00
0.000000000000000000e+00
0.000000000000000000e+00
0.000000000000000000e+00
0.000000000000000000e+00
0.000000000000000000e+00
0.000000000000000000e+00
8.778284871040583637e-01
8.778284871040583637e-01
8.778284871040583637e-01
8.778284871040583637e-01
8.778284871040583637e-01
1.534750761490724180e+01
7.236273249519241446e+00
7.236273249519241446e+00
7.236273249519241446e+00
7.236273249519241446e+00
2.153007627898670862e+01
3.575069633235214184e+01
9.336570268982512744e+00
9.336570268982512744e+00
9.336570268982512744e+00
0.000000000000000000e+00
0.000000000000000000e+00
0.000000000000000000e+00
0.000000000000000000e+00
0.000000000000000000e+00
0.000000000000000000e+00
0.000000000000000000e+00
0.000000000000000000e+00
0.000000000000000000e+00
0.000000000000000000e+00
0.000000000000000000e+00
0.000000000000000000e+00
0.000000000000000000e+00
0.000000000000000000e+00
0.000000000000000000e+00
0.000000000000000000e+00
0.000000000000000000e+00
0.000000000000000000e+00
0.000000000000000000e+00
0.000000000000000000e+00
0.000000000000000000e+00
0.000000000000000000e+00
0.000000000000000000e+00
0.000000000000000000e+00
0.000000000000000000e+00
0.000000000000000000e+00
0.000000000000000000e+00
0.000000000000000000e+00
0.000000000000000000e+00
0.000000000000000000e+00
0.000000000000000000e+00
0.000000000000000000e+00
0.000000000000000000e+00
0.000000000000000000e+00
0.000000000000000000e+00
0.000000000000000000e+00
0.000000000000000000e+00
0.000000000000000000e+00
0.000000000000000000e+00
4.831375021998810304e+00
8.778284871040583637e-01
8.778284871040583637e-01
8.778284871040583637e-01
8.778284871040583637e-01
1.534750761490724180e+01
3.050045224128567156e+01
7.236273249519241446e+00
7.236273249519241446e+00
7.236273249519241446e+00
2.153007627898670862e+01
3.575069633235214184e+01
4.919366127850930326e+01
6.278399448322810628e+01
7.739481516620332968e+01
0.000000000000000000e+00
0.000000000000000000e+00
0.000000000000000000e+00
0.000000000000000000e+00
0.000000000000000000e+00
0.000000000000000000e+00
0.000000000000000000e+00
0.000000000000000000e+00
0.000000000000000000e+00
0.000000000000000000e+00
0.000000000000000000e+00
0.000000000000000000e+00
0.000000000000000000e+00
0.000000000000000000e+00
0.000000000000000000e+00
0.000000000000000000e+00
0.000000000000000000e+00
0.000000000000000000e+00
0.000000000000000000e+00
0.000000000000000000e+00
0.000000000000000000e+00
0.000000000000000000e+00
0.000000000000000000e+00
0.000000000000000000e+00
0.000000000000000000e+00
0.000000000000000000e+00
0.000000000000000000e+00
0.000000000000000000e+00
0.000000000000000000e+00
0.000000000000000000e+00
0.000000000000000000e+00
0.000000000000000000e+00
0.000000000000000000e+00
0.000000000000000000e+00
0.000000000000000000e+00
0.000000000000000000e+00
0.000000000000000000e+00
0.000000000000000000e+00
0.000000000000000000e+00
4.831375021998810304e+00
2.178995345324216970e+01
8.778284871040583637e-01
8.778284871040583637e-01
8.778284871040583637e-01
1.534750761490724180e+01
3.050045224128567156e+01
4.647790477915908980e+01
6.522059556641937661e+01
8.071363234458932823e+01
9.525447214049319200e+01
1.124593969359805214e+02
1.082729313374272664e+02
1.072795790308611714e+02
1.079503832205967910e+02
0.000000000000000000e+00
0.000000000000000000e+00
0.000000000000000000e+00
0.000000000000000000e+00
0.000000000000000000e+00
0.000000000000000000e+00
0.000000000000000000e+00
0.000000000000000000e+00
0.000000000000000000e+00
0.000000000000000000e+00
0.000000000000000000e+00
0.000000000000000000e+00
0.000000000000000000e+00
0.000000000000000000e+00
0.000000000000000000e+00
0.000000000000000000e+00
0.000000000000000000e+00
0.000000000000000000e+00
0.000000000000000000e+00
0.000000000000000000e+00
0.000000000000000000e+00
0.000000000000000000e+00
0.000000000000000000e+00
0.000000000000000000e+00
0.000000000000000000e+00
0.000000000000000000e+00
0.000000000000000000e+00
0.000000000000000000e+00
0.000000000000000000e+00
0.000000000000000000e+00
0.000000000000000000e+00
0.000000000000000000e+00
0.000000000000000000e+00
0.000000000000000000e+00
0.000000000000000000e+00
1.078149383645009785e+01
0.000000000000000000e+00
0.000000000000000000e+00
0.000000000000000000e+00
4.831375021998810304e+00
2.178995345324216970e+01
3.916223280496271286e+01
5.794289905736383872e+01
7.448503525581416795e+01
9.109319928174207348e+01
1.115687540284197752e+02
1.175348455035192501e+02
1.226258248346705244e+02
1.247873351729594447e+02
1.251129843392980661e+02
1.274323986864913962e+02
1.225480657803639559e+02
1.154170460509587031e+02
1.096156483984230050e+02
1.048456650182093739e+02
9.840644242440274070e+01
9.261682864297074502e+01
8.649448869018229402e+01
0.000000000000000000e+00
0.000000000000000000e+00
0.000000000000000000e+00
0.000000000000000000e+00
0.000000000000000000e+00
0.000000000000000000e+00
0.000000000000000000e+00
0.000000000000000000e+00
0.000000000000000000e+00
0.000000000000000000e+00
0.000000000000000000e+00
0.000000000000000000e+00
0.000000000000000000e+00
0.000000000000000000e+00
0.000000000000000000e+00
0.000000000000000000e+00
0.000000000000000000e+00
0.000000000000000000e+00
0.000000000000000000e+00
0.000000000000000000e+00
0.000000000000000000e+00
0.000000000000000000e+00
0.000000000000000000e+00
0.000000000000000000e+00
0.000000000000000000e+00
0.000000000000000000e+00
0.000000000000000000e+00
0.000000000000000000e+00
0.000000000000000000e+00
0.000000000000000000e+00
0.000000000000000000e+00
1.078149383645009785e+01
2.803901675382719105e+01
4.597750310422227216e+01
6.199073657760281009e+01
7.987431825339042746e+01
9.609185179402027188e+01
1.124108468347284457e+02
1.231069100155302749e+02
1.267469719743626371e+02
1.256355531903428187e+02
1.260453710363791231e+02
1.255900225930535328e+02
1.224783037379069128e+02
1.200202701212017473e+02
1.191841892018356504e+02
1.158509599347532912e+02
1.119363203964101814e+02
1.072496127425036292e+02
1.018300588683910348e+02
9.630839670793987750e+01
9.051412940403616858e+01
8.479854320917763744e+01
7.837828984644231411e+01
0.000000000000000000e+00
0.000000000000000000e+00
0.000000000000000000e+00
0.000000000000000000e+00
0.000000000000000000e+00
0.000000000000000000e+00
0.000000000000000000e+00
0.000000000000000000e+00
0.000000000000000000e+00
0.000000000000000000e+00
0.000000000000000000e+00
0.000000000000000000e+00
0.000000000000000000e+00
0.000000000000000000e+00
0.000000000000000000e+00
0.000000000000000000e+00
0.000000000000000000e+00
0.000000000000000000e+00
0.000000000000000000e+00
0.000000000000000000e+00
0.000000000000000000e+00
1.083414346990091381e+01
0.000000000000000000e+00
0.000000000000000000e+00
0.000000000000000000e+00
0.000000000000000000e+00
2.447179425170684208e+00
1.978928357505941449e+01
3.628863144791566953e+01
5.204067124324608784e+01
6.978731248930574793e+01
8.874225114616602639e+01
9.920365902757505694e+01
1.160199957680784024e+02
1.232474891721042667e+02
1.309067185764988324e+02
1.326008215214475854e+02
1.282316657845235852e+02
1.268291387187889683e+02
1.239438755467868276e+02
1.213520398860691643e+02
1.205797417488021068e+02
1.175344253278927908e+02
1.119551546498382493e+02
1.093258902601955072e+02
1.072570321218389608e+02
1.040117200922922649e+02
9.999873798438787276e+01
9.608406606102762737e+01
9.180724455137746531e+01
8.713269317016617777e+01
8.129747366275398690e+01
7.515156307609991870e+01
6.760140258605264307e+01
5.942659368019281629e+01
5.068141167092957744e+01
4.165602017549770864e+01
3.238095586351259669e+01
0.000000000000000000e+00
0.000000000000000000e+00
0.000000000000000000e+00
0.000000000000000000e+00
0.000000000000000000e+00
0.000000000000000000e+00
0.000000000000000000e+00
0.000000000000000000e+00
0.000000000000000000e+00
0.000000000000000000e+00
0.000000000000000000e+00
0.000000000000000000e+00
0.000000000000000000e+00
0.000000000000000000e+00
0.000000000000000000e+00
0.000000000000000000e+00
0.000000000000000000e+00
1.083414346990091381e+01
2.412277980846939585e+01
3.752473940702577693e+01
5.114352780237258145e+01
6.645781901700213723e+01
8.050265748851427361e+01
9.429051081670588985e+01
1.092494282490234241e+02
1.205967163012763734e+02
1.254350537944536370e+02
1.277456560976495297e+02
1.303751812095064508e+02
1.342659610868304298e+02
1.279447388949399027e+02
1.252115192220330613e+02
1.243069912458436619e+02
1.197536949234327039e+02
1.161232835198161837e+02
1.153538861753690412e+02
1.127622958891858644e+02
1.104014325744874725e+02
1.077549102646079859e+02
1.044300258861631931e+02
1.009134574247448626e+02
9.808535431287582185e+01
9.508216408993708058e+01
9.154312450825875658e+01
8.678805211208964465e+01
8.275529075001621493e+01
7.751852378724871073e+01
7.074137133376586917e+01
6.328897497661799321e+01
5.543387876575811646e+01
4.688512421075206049e+01
3.884763417500042237e+01
3.064172512935950721e+01
2.206303237003584528e+01
2.438120359187534802e+01
2.438120359187534802e+01
2.438120359187534802e+01
1.047188063332559338e+01
1.047188063332559338e+01
1.047188063332559338e+01
1.047188063332559338e+01
2.266976023244513172e+01
2.701731554441246352e+00
2.701731554441246352e+00
2.701731554441246352e+00
1.461847618669705007e+01
2.475209182628551474e+01
3.467826221183629798e+01
4.544437713974031112e+01
5.759245966399988959e+01
6.878224486735439314e+01
8.074127656309842394e+01
9.333218919058697338e+01
1.049224744559693079e+02
1.161392555230219443e+02
1.278101482730025964e+02
1.321277417324114936e+02
1.295682642715556199e+02
1.306457281890092190e+02
1.316663597411421733e+02
1.320975363594779424e+02
1.275153989719415648e+02
1.238917967680895202e+02
1.213202553812308935e+02
1.185233917496005063e+02
1.169317276765381592e+02
1.152985823860069274e+02
1.127492731467919072e+02
1.092545219641271075e+02
1.051931403243155501e+02
1.031395056323739539e+02
1.006352566719239832e+02
9.800150514775648958e+01
9.543730525880181403e+01
9.292448332420958934e+01
8.939606647481895152e+01
8.634082285280317137e+01
8.246463012286025673e+01
7.798965504312583619e+01
7.257648282403539497e+01
6.581966494189740047e+01
5.871488055340417134e+01
5.095084579475689424e+01
4.293802087175600946e+01
3.547486606560674716e+01
2.757173759295276483e+01
0.000000000000000000e+00
0.000000000000000000e+00
2.438120359187534802e+01
2.438120359187534802e+01
2.438120359187534802e+01
3.374763604311696241e+01
1.047188063332559338e+01
1.047188063332559338e+01
1.047188063332559338e+01
2.266976023244513172e+01
3.108869978401136791e+01
4.716116040261245246e+01
6.556019806734595079e+01
8.207441500439884408e+01
9.141145759550580863e+01
1.010878802603278217e+02
1.125860227290610140e+02
1.244737121560771982e+02
1.333661964623707377e+02
1.402637269721170128e+02
1.447960825175050843e+02
1.443802723690783694e+02
1.384371563614047602e+02
1.362662518128931595e+02
1.345036119004854527e+02
1.295111696836154920e+02
1.255521226348916883e+02
1.237438017773769445e+02
1.197293001097691132e+02
1.172337624352597061e+02
1.156655834293107148e+02
1.128007505474501642e+02
1.099867829653839522e+02
1.072700137870369019e+02
1.048620115531139874e+02
1.027162456639180022e+02
9.959969720325894116e+01
9.695361412053240713e+01
9.461503705698936528e+01
9.232319789897066187e+01
8.969455475882898554e+01
8.633085829851899007e+01
8.364183365965635630e+01
8.045669131877635039e+01
7.682262914789235708e+01
7.167333779940022964e+01
6.580834257977124935e+01
5.931601578918734674e+01
5.279393134269252386e+01
4.584311844424584592e+01
3.846650986034676833e+01
3.102989538325520158e+01
2.331009741849756978e+01
1.515821718189431877e+01
0.000000000000000000e+00
0.000000000000000000e+00
2.438120359187534802e+01
2.438120359187534802e+01
2.438120359187534802e+01
3.374763604311696241e+01
4.311445655809677646e+01
5.765711591901153099e+01
7.628213983198912729e+01
8.780191039315536727e+01
1.002142426826033699e+02
1.160991833822279631e+02
1.301288376187994800e+02
1.429590428626205494e+02
1.525792616109811490e+02
1.550471483262201673e+02
1.544841181786282220e+02
1.522111807185959265e+02
1.509646622658669344e+02
1.484652671348301851e+02
1.454597081958031026e+02
1.399375770921486151e+02
1.335074187876041378e+02
1.258451358139041645e+02
1.212262645935955732e+02
1.186196224121995471e+02
1.170559687573843064e+02
1.159754058902466340e+02
1.135668421543359869e+02
1.097441489875418767e+02
1.066939346105819055e+02
1.043035194469892986e+02
1.015131412466179199e+02
9.871798510726458176e+01
9.569719714798355881e+01
9.297031110511889551e+01
9.043510575183709932e+01
8.774624721534870275e+01
8.496461219359753159e+01
8.249745059645429990e+01
8.010594143829544578e+01
7.685764364598520615e+01
7.301766257924523984e+01
6.873673068600450620e+01
6.404676559065596564e+01
5.884231232782900634e+01
5.280058153919264896e+01
4.638957752412787983e+01
3.969879679343435441e+01
3.281701026652510933e+01
2.578354221228771337e+01
1.811447831777393347e+01
9.877166371805413903e+00
1.472129204597266039e+00
0.000000000000000000e+00
0.000000000000000000e+00
7.671338597533880943e+01
8.377582300658343684e+01
9.275644445950182160e+01
1.045950227036683913e+02
1.091481886992425814e+02
1.218542854790948127e+02
1.345277632577517011e+02
1.436248184504306948e+02
1.484528516930278670e+02
1.523884259904178862e+02
1.552492649599660126e+02
1.553730110581665542e+02
1.541142863340861027e+02
1.499280077770295918e+02
1.460359421383950291e+02
1.423546231163027755e+02
1.401157156804339650e+02
1.350796292786203594e+02
1.283324990029650507e+02
1.223394009001664671e+02
1.174683498345940080e+02
1.129316734011374166e+02
1.111092618005239103e+02
1.092863485648318971e+02
1.084022861471220978e+02
1.066739923670203893e+02
1.052615475870913144e+02
1.018191947606305092e+02
9.825817614663849042e+01
9.493395037243239187e+01
9.123204717446947143e+01
8.807427923972134920e+01
8.517776609386669406e+01
8.220696524008333483e+01
7.955695115523349159e+01
7.707128334439333628e+01
7.431536513999687088e+01
7.102957917007896071e+01
6.775896660018104001e+01
6.436164519363694581e+01
6.023062582189155023e+01
5.572331281924073920e+01
5.067325042719894412e+01
4.519405374119585872e+01
3.945984986267887251e+01
3.307626294778739151e+01
2.622066436107420628e+01
1.889782627891132094e+01
1.135033614780888378e+01
3.897042240586716222e+00
3.897042240586716222e+00
3.897042240586716222e+00
0.000000000000000000e+00
0.000000000000000000e+00
1.301329283286502232e+02
1.379304366908210113e+02
1.438179845327276212e+02
1.450149450033125618e+02
1.475601755520886229e+02
1.503544927914406060e+02
1.529082644353592855e+02
1.547957562797754747e+02
1.540098848016795046e+02
1.532527020319272424e+02
1.511599517887169100e+02
1.482829221401202631e+02
1.439750274737678239e+02
1.391563703120047819e+02
1.350561701796583520e+02
1.307246469004059577e+02
1.265784750422383809e+02
1.222142930252725535e+02
1.186227866521246028e+02
1.155772073591127196e+02
1.127645901572226705e+02
1.087486524317768897e+02
1.050279402763577394e+02
1.052489694373986708e+02
1.022860236420439719e+02
1.013175292546055459e+02
9.836059633612046582e+01
9.417971002661411717e+01
8.990382348225121234e+01
8.546238836418879714e+01
8.142287937653895824e+01
7.736048180846356104e+01
7.383180793165341527e+01
7.069977283931415002e+01
6.766469896334342593e+01
6.479121747610841453e+01
6.163964210924728349e+01
5.819906212602191431e+01
5.402271601475846552e+01
5.016951179824062734e+01
4.618433214534955766e+01
4.181724888862892442e+01
3.697398555938500664e+01
3.165318878505737388e+01
2.578582321495679253e+01
1.918480290824695089e+01
1.202750475419307286e+01
4.515251384640391663e+00
0.000000000000000000e+00
0.000000000000000000e+00
0.000000000000000000e+00
3.897042240586716222e+00
0.000000000000000000e+00
0.000000000000000000e+00
1.499975746286245339e+02
1.514537277426099706e+02
1.529748751363676718e+02
1.530552632027248592e+02
1.527067109093967474e+02
1.528780613950193299e+02
1.522540799063696966e+02
1.510325352651304627e+02
1.486982590409829470e+02
1.463578237426058024e+02
1.437302301112436282e+02
1.406527104271206383e+02
1.365545127904542255e+02
1.332177334473178973e+02
1.289955811625478930e+02
1.251693001286026288e+02
1.219371707350141349e+02
1.188104086708733860e+02
1.155421449623039791e+02
1.127561970855026487e+02
1.096619229370015063e+02
1.065956921874278294e+02
1.060297263640660361e+02
1.049741491188139975e+02
1.017382934858702299e+02
9.919305873090391401e+01
9.526957936187676523e+01
8.996385703466121697e+01
8.393945223009959022e+01
7.816790183905546030e+01
7.300694550101053437e+01
6.851496285588154933e+01
6.453022475529292024e+01
6.080780337494601895e+01
5.730605725605271772e+01
5.347792870336516557e+01
4.962359062277013066e+01
4.584833817593434446e+01
4.172826330375929871e+01
3.711458734081236344e+01
3.252667371829598864e+01
2.781350784472091675e+01
2.277470758062836254e+01
1.725399280186151074e+01
1.104898871677919026e+01
4.300545381250732824e+00
0.000000000000000000e+00
0.000000000000000000e+00
0.000000000000000000e+00
0.000000000000000000e+00
0.000000000000000000e+00
0.000000000000000000e+00
0.000000000000000000e+00
0.000000000000000000e+00
1.525620702553753176e+02
1.521369447851944017e+02
1.523601660491006271e+02
1.522359345901227243e+02
1.510369528861259028e+02
1.497824234201085289e+02
1.479039214413240302e+02
1.456505953025404949e+02
1.433141145223365527e+02
1.403926957101032826e+02
1.374772373859229617e+02
1.341949603060703282e+02
1.313469027044770030e+02
1.279307266238124328e+02
1.246325518721507706e+02
1.221566992218626950e+02
1.201171450327036752e+02
1.182911310005404744e+02
1.155485871342160920e+02
1.138471193500330969e+02
1.113889440418176662e+02
1.086937514220054908e+02
1.064030648253990421e+02
1.041261216760363908e+02
1.009504151858356522e+02
9.721044189197894525e+01
9.237003694072711824e+01
8.691403110089365214e+01
8.113792098225282245e+01
7.497810878642913224e+01
6.890922311631049979e+01
6.310126718315866867e+01
5.790154597231811806e+01
5.318260930856416024e+01
4.870154159400755844e+01
4.416283763615869162e+01
3.953642397879397663e+01
3.479493248382287618e+01
3.020995738051724544e+01
2.551622784965976720e+01
2.040229458579911892e+01
1.500294224915876029e+01
9.376236824268611159e+00
3.564886147263496508e+00
0.000000000000000000e+00
0.000000000000000000e+00
0.000000000000000000e+00
0.000000000000000000e+00
0.000000000000000000e+00
0.000000000000000000e+00
0.000000000000000000e+00
0.000000000000000000e+00
0.000000000000000000e+00
0.000000000000000000e+00
1.502333929332347680e+02
1.502333929332347680e+02
1.489377274616030036e+02
1.474710925803820487e+02
1.456935199710987945e+02
1.439136757556935038e+02
1.418731570619969489e+02
1.400717269968813525e+02
1.374685675375639562e+02
1.346074730274020510e+02
1.320629895817614852e+02
1.292272640741568921e+02
1.263681560536951736e+02
1.236668177043310521e+02
1.213084949044931591e+02
1.191204755162609246e+02
1.179584768886506652e+02
1.157352159616823855e+02
1.140534511279742560e+02
1.121312861539881567e+02
1.106292122788733820e+02
1.085529016577034156e+02
1.058601349966847920e+02
1.031295195221325827e+02
9.930843313748106027e+01
9.475753108091186050e+01
8.967283146828883389e+01
8.416159672642979217e+01
7.827146983973716488e+01
7.205198084748214171e+01
6.575740698487169311e+01
5.948878918083873657e+01
5.330937505725749048e+01
4.730431034699285675e+01
4.146973034707430372e+01
3.586275607055430470e+01
3.053865230441090262e+01
2.517028876120897962e+01
1.996323199144914540e+01
1.481228933068398668e+01
9.417570680117133719e+00
3.640966201783374601e+00
0.000000000000000000e+00
0.000000000000000000e+00
0.000000000000000000e+00
0.000000000000000000e+00
0.000000000000000000e+00
0.000000000000000000e+00
0.000000000000000000e+00
0.000000000000000000e+00
0.000000000000000000e+00
0.000000000000000000e+00
0.000000000000000000e+00
0.000000000000000000e+00
1.449142877857538281e+02
1.449142877857538281e+02
1.431042442028051482e+02
1.416528633251122926e+02
1.396507400061082649e+02
1.378738956131125803e+02
1.352108782238001368e+02
1.326278322118377844e+02
1.305043054587962104e+02
1.281688351340170584e+02
1.256288641837877549e+02
1.231001629254126470e+02
1.211649725909245348e+02
1.194596782519030711e+02
1.174024736440286034e+02
1.155877529938313586e+02
1.139734757456090222e+02
1.116665165846873720e+02
1.105951007184117714e+02
1.100945021920956748e+02
1.079838499745612523e+02
1.058925673772642142e+02
1.033695228287208607e+02
1.001000223423529718e+02
9.645036042213186533e+01
9.222562510248481260e+01
8.716148793241075055e+01
8.144497338903859429e+01
7.523232333911484204e+01
6.863787773053228136e+01
6.183349889772996733e+01
5.496232835248654425e+01
4.825055635636704210e+01
4.170643717884973967e+01
3.530817073421163599e+01
2.910443594193476358e+01
2.310973723595749263e+01
1.735365267683002344e+01
1.165714039666399771e+01
6.012560436541472875e+00
4.406880028071784028e-01
0.000000000000000000e+00
0.000000000000000000e+00
0.000000000000000000e+00
0.000000000000000000e+00
0.000000000000000000e+00
0.000000000000000000e+00
0.000000000000000000e+00
0.000000000000000000e+00
0.000000000000000000e+00
0.000000000000000000e+00
0.000000000000000000e+00
0.000000000000000000e+00
0.000000000000000000e+00
1.363991045430086899e+02
1.363991045430086899e+02
1.363991045430086899e+02
1.344473330215583644e+02
1.326416252488884595e+02
1.308736742418981294e+02
1.285457735660885703e+02
1.260251665207987486e+02
1.234781591209406599e+02
1.211631592761030589e+02
1.192308088768114658e+02
1.175869867054682913e+02
1.156873517794510917e+02
1.137736733480553113e+02
1.125836804992365501e+02
1.115522940490112234e+02
1.103497085619690523e+02
1.085230182920872721e+02
1.069859951090835892e+02
1.052157382467607221e+02
1.037419005698810679e+02
1.017094606927870046e+02
9.888328414209699702e+01
9.543191330475747236e+01
9.145618799852269376e+01
8.694821221921023380e+01
8.209883338465220959e+01
7.673513356936152263e+01
7.065163842206251843e+01
6.402610476392780470e+01
5.707453801184882280e+01
5.007971507061363781e+01
4.335613662577742389e+01
3.689333457684347906e+01
3.059829735492331793e+01
2.417793409865983989e+01
1.785802137445653770e+01
1.164325591933668669e+01
5.638376953067593789e+00
0.000000000000000000e+00
0.000000000000000000e+00
0.000000000000000000e+00
0.000000000000000000e+00
0.000000000000000000e+00
0.000000000000000000e+00
0.000000000000000000e+00
0.000000000000000000e+00
0.000000000000000000e+00
0.000000000000000000e+00
0.000000000000000000e+00
0.000000000000000000e+00
0.000000000000000000e+00
0.000000000000000000e+00
0.000000000000000000e+00
1.294949104373042132e+02
1.294949104373042132e+02
1.294949104373042132e+02
1.273059524110387599e+02
1.253361816394807562e+02
1.234419261868801101e+02
1.215959976038213313e+02
1.197842316596671850e+02
1.179555185793632432e+02
1.160830536639887072e+02
1.142963649668154318e+02
1.124295504509530019e+02
1.107014140102534441e+02
1.091410982930599260e+02
1.076721807363039574e+02
1.062503091911074904e+02
1.050204634343908481e+02
1.039593763471848149e+02
1.027702754444103448e+02
1.008858728072463578e+02
9.858831598192671208e+01
9.571735181860755404e+01
9.229870663012667364e+01
8.836864671587541409e+01
8.433858390929023585e+01
8.006640570285608760e+01
7.520395481372038660e+01
6.975708453109218965e+01
6.388060485641592123e+01
5.765914062053774103e+01
5.118224839940602067e+01
4.476698202405889049e+01
3.837709247049220096e+01
3.207283910828495976e+01
2.585138417378371045e+01
1.968526294237126351e+01
1.345218658787560528e+01
7.316281245550970702e+00
1.178646142338647840e+00
1.178646142338647840e+00
1.178646142338647840e+00
0.000000000000000000e+00
0.000000000000000000e+00
0.000000000000000000e+00
0.000000000000000000e+00
0.000000000000000000e+00
0.000000000000000000e+00
0.000000000000000000e+00
0.000000000000000000e+00
0.000000000000000000e+00
0.000000000000000000e+00
0.000000000000000000e+00
0.000000000000000000e+00
0.000000000000000000e+00
1.294949104373042132e+02
1.294949104373042132e+02
1.294949104373042132e+02
1.273059524110387599e+02
1.253361816394807562e+02
1.234419261868801101e+02
1.215959976038213313e+02
1.197842316596671850e+02
1.179555185793632432e+02
1.160830536639887072e+02
1.142963649668154318e+02
1.124295504509530019e+02
1.107014140102534441e+02
1.091410982930599260e+02
1.002956451569829852e+02
1.002956451569829852e+02
1.002956451569829852e+02
1.002956451569829852e+02
1.002956451569829852e+02
1.008858728072463578e+02
9.858831598192671208e+01
9.571735181860755404e+01
9.229870663012667364e+01
8.836864671587541409e+01
8.433858390929023585e+01
8.006640570285608760e+01
7.520395481372038660e+01
6.975708453109218965e+01
6.388060485641592123e+01
5.765914062053774103e+01
5.118224839940602067e+01
4.476698202405889049e+01
3.837709247049220096e+01
3.207283910828495976e+01
2.585138417378371045e+01
1.968526294237126351e+01
1.345218658787560528e+01
7.316281245550970702e+00
1.178646142338647840e+00
1.178646142338647840e+00
1.178646142338647840e+00
1.178646142338647840e+00
1.178646142338647840e+00
0.000000000000000000e+00
0.000000000000000000e+00
0.000000000000000000e+00
0.000000000000000000e+00
0.000000000000000000e+00
0.000000000000000000e+00
0.000000000000000000e+00
0.000000000000000000e+00
0.000000000000000000e+00
0.000000000000000000e+00
0.000000000000000000e+00
